41
2 51 65 46 37 100 76 63 48 19 21 55 75 40 56 10 35 3 11 57 64 90 11 90 89 14 99 12 25 9 68 41 80 60 70 70 26 40 53 42 47
6 18 43 60 87 6 25 53 11 66 29 40 89 93 66 97 48 8 81 30 49 85 94 60 37 42 48 79 65 58 17 54 87 83 76 99 22 98 79 46 84
57 4 91 42 96 6 65 61 89 91 92 45 99 69 31 15 41 70 79 43 79 48 10 62 78 97 11 36 73 50 69 13 70 6 2 64 30 34 90 61 88
6 76 87 24 22 84 5 51 62 2 71 20 51 98 7 27 91 9 89 81 71 87 98 27 99 41 32 92 21 8 94 44 94 74 65 18 93 52 100 28 89
50 40 66 25 75 79 52 10 60 66 60 26 3 88 15 46 6 16 58 97 94 90 64 58 97 63 95 10 79 67 92 19 80 34 19 24 37 13 78 74 93
14 93 86 62 70 85 53 16 50 21 40 1 56 22 39 86 55 46 88 44 18 59 20 7 34 97 22 55 85 61 43 55 73 47 76 15 16 91 86 13 30
23 19 84 77 89 14 68 51 10 28 4 13 50 99 36 83 98 12 73 88 90 44 55 79 72 73 23 38 80 90 34 42 54 18 12 48 69 60 96 14 81
50 54 89 43 66 98 49 4 42 13 21 83 43 25 33 67 75 86 97 68 8 34 72 20 44 88 41 98 96 81 41 62 62 99 25 23 67 11 33 45 75
64 33 25 6 84 26 44 30 43 60 71 90 98 100 43 59 93 13 11 73 88 23 77 24 14 81 71 51 19 58 71 33 97 46 37 38 81 79 99 12 75
12 69 50 29 64 62 73 15 22 11 14 76 44 94 84 20 94 66 38 91 80 73 22 49 98 1 47 51 39 44 75 5 44 74 46 60 34 61 19 45 47
95 44 62 16 1 5 9 47 19 15 87 48 63 99 71 37 99 8 55 18 7 97 62 60 30 64 42 5 44 49 56 5 64 59 82 48 34 76 12 100 44
76 54 73 68 12 49 85 82 2 76 88 64 72 81 76 17 1 56 70 26 3 87 30 14 23 67 75 41 37 70 90 48 47 33 59 98 56 47 16 94 14
91 50 7 17 7 21 76 84 2 80 9 73 23 97 9 40 38 62 23 12 30 68 6 29 87 74 76 53 2 9 82 30 31 95 76 35 91 34 49 15 71
51 76 34 19 26 46 45 38 100 62 48 13 62 96 54 37 47 74 73 58 93 92 70 86 84 96 16 90 63 9 96 15 23 92 19 40 18 51 47 4 77
23 43 46 44 57 62 63 65 85 73 98 39 35 64 69 63 37 66 4 5 97 100 76 37 67 48 58 16 86 90 59 73 19 83 2 99 93 24 100 17 11
33 83 95 19 39 86 14 21 82 72 31 19 35 48 88 66 57 52 40 41 22 20 1 44 5 88 22 44 21 72 77 5 49 76 57 88 26 29 45 50 44
75 29 77 49 87 5 33 2 74 59 78 95 94 96 44 37 89 54 46 98 100 23 3 4 18 30 83 30 53 22 46 56 32 60 10 21 6 42 29 62 17
84 83 92 47 90 45 86 29 45 36 72 56 91 26 4 57 65 42 55 99 11 7 37 72 31 17 4 8 81 96 34 49 71 82 7 96 47 57 86 71 62
48 98 71 7 4 71 80 23 38 8 67 36 19 97 30 62 36 55 18 2 59 34 46 89 62 30 91 88 71 55 92 42 83 31 34 1 91 82 47 78 43
71 16 15 81 94 83 18 98 96 24 43 27 66 54 80 79 94 32 97 27 94 67 75 42 30 61 25 13 1 96 16 26 54 90 66 73 77 79 38 3 87
97 70 87 86 64 7 49 62 78 84 80 31 17 24 87 92 51 25 88 75 68 33 57 10 66 28 59 46 77 78 83 30 38 83 78 69 6 67 60 72 82
91 4 6 5 97 52 17 32 79 79 78 14 35 38 27 36 42 19 20 74 34 66 23 34 100 22 81 48 78 28 62 52 53 50 50 64 51 31 73 57 59
29 28 91 44 67 61 55 3 81 41 9 51 84 72 2 75 22 100 3 95 5 41 51 99 90 49 38 81 54 100 2 95 68 70 66 24 46 8 100 75 89
35 27 16 97 47 41 23 62 31 91 23 3 21 35 19 77 1 74 99 15 37 98 17 3 64 41 81 38 95 38 10 3 47 47 30 65 60 84 17 78 62
67 8 6 18 85 68 73 99 96 61 8 65 34 44 30 61 96 37 74 91 62 93 63 77 98 67 17 93 79 60 18 68 68 12 95 16 5 91 99 18 1
32 92 32 93 29 53 27 20 91 84 64 20 3 97 45 12 85 7 93 37 16 82 79 66 39 44 70 54 98 51 88 29 92 23 22 44 14 64 52 5 20
63 90 51 76 42 54 100 84 96 47 91 77 18 73 40 35 2 37 85 92 46 55 24 59 93 23 50 42 35 77 18 79 39 9 19 17 20 33 74 74 5
44 64 64 90 19 14 30 46 45 74 5 78 25 36 39 58 26 97 46 54 62 4 64 4 100 45 53 37 90 59 81 24 44 5 60 10 73 49 64 82 26
52 98 29 16 96 43 38 25 26 88 26 55 42 23 50 80 9 8 11 61 19 73 7 42 17 74 38 74 49 15 88 80 11 90 89 4 2 60 89 82 71
27 33 23 57 45 69 2 10 35 80 94 57 92 73 4 97 44 87 52 89 49 3 42 96 65 72 51 26 24 27 34 92 47 80 56 13 29 49 83 9 13
26 61 18 100 41 96 97 4 15 49 54 6 66 54 15 100 68 72 22 85 40 81 36 97 84 56 45 88 15 54 90 18 19 21 54 65 29 27 96 14 96
70 35 100 83 26 27 2 19 66 7 35 77 98 40 16 43 52 1 44 53 74 92 19 38 15 24 33 88 69 58 64 88 31 97 29 57 3 21 35 84 22
48 72 88 94 35 44 7 92 99 67 16 74 79 79 51 11 28 30 66 34 76 4 65 75 47 68 92 68 36 31 99 80 10 14 23 50 42 10 71 39 64
37 93 87 76 26 70 57 7 27 79 70 34 14 81 60 30 2 56 43 77 79 88 100 44 21 60 80 37 9 50 83 31 76 30 21 27 48 23 57 41 37
71 92 36 32 74 64 34 94 17 46 99 30 55 61 96 27 81 36 55 93 38 94 73 90 49 12 35 58 58 66 53 54 58 57 12 96 63 88 54 84 75
6 51 97 84 32 26 50 96 76 89 79 14 97 73 59 65 7 61 3 67 29 4 17 16 21 49 1 84 52 91 28 94 83 41 55 11 65 35 50 51 23
86 77 70 72 17 5 89 52 88 52 94 10 65 7 89 76 93 72 21 92 20 91 7 77 28 72 20 32 95 97 57 72 87 94 82 18 37 70 7 97 93
40 31 89 13 18 22 22 44 28 74 100 58 80 8 88 37 80 79 93 53 77 53 56 23 95 74 53 2 65 94 95 8 59 50 70 32 57 21 22 63 17
59 55 96 83 62 55 7 4 69 60 98 81 49 43 47 10 54 47 56 87 66 2 56 69 44 8 13 40 27 14 66 15 40 22 63 33 30 19 11 63 20
32 25 18 52 68 6 94 42 93 82 39 63 77 81 51 83 13 88 28 81 36 92 91 65 53 67 9 70 25 4 41 46 94 3 71 2 41 1 31 78 35
41 69 65 50 24 20 89 11 31 96 53 65 74 12 94 84 83 95 12 50 39 79 9 18 8 68 67 72 60 70 14 5 64 41 44 87 13 48 64 87 55
